14.162	1.276	4.128	-0.084	3.400	3.234	3.795	3.554	3.305	2.392	1.539	1.815	1.614	2.131	1.640	2.935	-2.082	2.145	1.486	2.143	1.559	1.403	1.541	0.838	1.502	1.409	1.302	-1.515	-1.224	1.567	1.524	1.914	1.442	1.126	1.658	1.140	1.341	1.220	1.774	1.493	-1.129	-1.658	1.116	1.473	-0.721	-1.462	0.937	1.250	1.411	1.915	1.956
1.276	2.394	1.752	1.228	0.519	1.164	-0.598	-0.896	0.867	-0.174	-0.576	-0.018	1.114	0.143	-0.168	0.682	-0.761	0.698	0.514	1.055	0.389	0.535	-0.278	-0.234	0.825	0.922	0.046	-0.553	-0.346	0.487	0.334	0.659	-0.327	-0.192	-0.069	-0.011	0.581	-0.226	0.436	0.499	-0.713	-0.465	-0.323	0.798	-0.153	-0.137	0.381	-0.166	0.850	0.555	0.582
4.128	1.752	2.861	1.090	1.482	1.445	0.255	-0.079	1.602	0.789	-0.094	0.602	1.044	0.750	0.228	1.382	-0.845	0.843	0.756	1.136	0.788	0.750	0.046	-0.024	0.726	1.160	0.448	-0.609	-0.387	0.968	0.695	0.821	-0.026	-0.028	0.427	0.316	0.791	0.025	0.682	0.880	-0.537	-0.803	0.060	0.832	-0.000	-0.563	0.271	0.130	0.836	0.815	0.994
-0.084	1.228	1.090	1.898	0.304	0.204	-0.848	-0.799	0.341	0.489	-0.353	0.314	0.701	0.597	-0.298	0.254	0.159	0.574	0.476	-0.100	0.304	0.682	-0.317	-0.395	0.647	0.788	0.235	-0.249	0.129	0.524	0.111	0.070	-0.316	-0.154	0.057	-0.050	0.301	-0.117	0.608	0.341	-0.147	-0.042	-0.334	-0.140	0.065	0.063	-0.184	-0.033	-0.033	0.630	0.184
3.400	0.519	1.482	0.304	1.528	0.896	0.885	0.978	0.965	0.781	0.581	0.679	0.521	0.711	0.586	0.795	-0.646	0.652	0.582	0.706	0.616	0.540	0.617	0.459	0.538	0.722	0.451	-0.340	-0.426	0.768	0.547	0.648	0.460	0.339	0.583	0.392	0.570	0.378	0.492	0.570	-0.466	-0.696	0.479	0.490	-0.354	-0.536	0.278	0.536	0.502	0.587	0.631
3.234	1.164	1.445	0.204	0.896	2.008	0.602	0.252	1.164	0.501	0.027	0.506	0.636	0.267	0.501	1.133	-0.948	0.643	0.422	1.224	0.910	0.197	0.340	0.264	0.956	0.640	0.181	-0.680	-0.633	0.454	0.491	0.864	0.123	0.276	0.206	0.301	0.400	0.099	0.205	0.793	-0.820	-0.547	0.129	1.092	-0.413	-0.514	0.664	0.360	0.956	0.300	0.657
3.795	-0.598	0.255	-0.848	0.885	0.602	2.655	2.151	0.480	0.970	1.514	0.666	0.290	0.456	1.217	0.658	-0.539	0.539	0.226	0.554	0.607	0.152	1.199	1.063	-0.044	0.134	0.787	-0.398	-0.689	0.419	0.350	0.774	1.151	0.848	0.987	0.706	0.258	1.151	0.636	0.360	-0.326	-0.660	1.020	0.523	-0.365	-0.840	0.866	0.651	0.437	0.585	0.729
3.554	-0.896	-0.079	-0.799	0.978	0.252	2.151	2.838	0.298	0.761	1.628	0.834	0.160	0.705	1.039	0.251	-0.508	0.347	0.222	0.218	0.267	0.294	1.443	1.071	0.230	-0.094	0.646	-0.257	-0.549	0.390	0.582	0.378	1.344	0.986	1.063	0.702	0.186	1.230	0.677	0.147	-0.171	-0.499	1.273	0.206	-0.801	-0.579	0.370	0.957	0.229	0.644	0.485
3.305	0.867	1.602	0.341	0.965	1.164	0.480	0.298	1.920	0.817	0.173	0.625	0.616	0.910	0.227	1.455	-0.782	0.677	0.837	0.884	0.739	0.737	0.232	0.099	0.578	0.601	0.422	-0.600	-0.422	0.420	0.782	0.690	0.204	0.211	0.349	0.592	0.640	0.162	0.559	0.976	-0.466	-0.681	0.154	0.821	-0.051	-0.590	0.100	0.317	0.833	0.504	0.708
2.392	-0.174	0.789	0.489	0.781	0.501	0.970	0.761	0.817	1.690	0.675	0.916	0.285	0.990	0.677	0.964	-0.157	0.621	0.478	0.090	0.907	0.417	0.495	0.385	0.253	0.409	0.847	-0.389	-0.081	0.501	0.333	0.403	0.483	0.421	0.811	0.527	0.393	0.600	0.668	0.750	-0.037	-0.467	0.398	0.044	-0.109	-0.677	0.127	0.622	0.013	0.488	0.414
1.539	-0.576	-0.094	-0.353	0.581	0.027	1.514	1.628	0.173	0.675	1.477	0.529	0.082	0.618	0.816	0.150	-0.095	0.165	0.278	0.032	0.247	0.388	0.943	1.009	0.084	0.049	0.618	-0.094	-0.438	0.292	0.308	0.252	0.976	0.689	0.689	0.665	0.169	1.053	0.622	0.200	-0.005	-0.402	0.957	0.048	-0.363	-0.604	0.289	0.619	0.084	0.539	0.381
1.815	-0.018	0.602	0.314	0.679	0.506	0.666	0.834	0.625	0.916	0.529	1.175	0.162	0.702	0.629	0.559	-0.316	0.431	0.579	0.173	0.601	0.438	0.475	0.398	0.402	0.224	0.481	-0.500	-0.383	0.262	0.474	0.307	0.485	0.357	0.572	0.477	0.368	0.504	0.534	0.489	-0.091	-0.402	0.460	0.239	-0.320	-0.404	0.217	0.460	0.185	0.348	0.443
1.614	1.114	1.044	0.701	0.521	0.636	0.290	0.160	0.616	0.285	0.082	0.162	1.242	0.476	0.106	0.519	-0.361	0.648	0.347	0.555	0.303	0.307	0.134	-0.003	0.364	0.577	0.410	-0.451	-0.130	0.267	0.389	0.489	0.176	0.146	0.413	-0.113	0.414	0.252	0.660	0.365	-0.369	-0.525	0.117	0.375	-0.182	-0.426	0.317	-0.005	0.445	0.600	0.618
2.131	0.143	0.750	0.597	0.711	0.267	0.456	0.705	0.910	0.990	0.618	0.702	0.476	1.459	0.414	0.652	-0.029	0.603	0.688	0.028	0.294	0.768	0.177	0.288	0.449	0.457	0.729	-0.410	-0.028	0.296	0.522	0.185	0.488	0.319	0.640	0.251	0.460	0.371	0.835	0.489	0.002	-0.564	0.407	-0.094	-0.216	-0.577	-0.123	0.418	-0.006	0.594	0.453
1.640	-0.168	0.228	-0.298	0.586	0.501	1.217	1.039	0.227	0.677	0.816	0.629	0.106	0.414	1.218	0.430	-0.365	0.423	0.181	0.408	0.542	0.036	0.580	0.793	0.109	0.243	0.619	-0.482	-0.430	0.269	0.397	0.437	0.663	0.406	0.692	0.348	0.184	0.566	0.246	0.322	-0.287	-0.611	0.664	0.407	-0.507	-0.540	0.596	0.582	0.287	0.127	0.492
2.935	0.682	1.382	0.254	0.795	1.133	0.658	0.251	1.455	0.964	0.150	0.559	0.519	0.652	0.430	1.747	-0.644	0.623	0.392	0.806	0.841	0.376	0.173	0.183	0.371	0.561	0.609	-0.494	-0.347	0.459	0.492	0.528	0.186	0.210	0.406	0.369	0.509	0.149	0.404	1.110	-0.455	-0.772	0.108	0.702	-0.169	-0.672	0.290	0.377	0.686	0.422	0.681
-2.082	-0.761	-0.845	0.159	-0.646	-0.948	-0.539	-0.508	-0.782	-0.157	-0.095	-0.316	-0.361	-0.029	-0.365	-0.644	1.330	-0.280	-0.332	-0.957	-0.432	-0.111	-0.476	-0.335	-0.438	-0.248	-0.099	0.450	0.597	-0.519	-0.556	-0.657	-0.262	-0.405	-0.265	-0.429	-0.403	-0.176	-0.087	-0.477	0.751	0.418	-0.249	-0.862	0.462	0.351	-0.464	-0.464	-0.772	-0.086	-0.384
2.145	0.698	0.843	0.574	0.652	0.643	0.539	0.347	0.677	0.621	0.165	0.431	0.648	0.603	0.423	0.623	-0.280	1.225	0.598	0.357	0.437	0.420	0.251	0.151	0.326	0.537	0.301	-0.480	-0.238	0.381	0.152	0.480	0.274	0.396	0.314	0.073	0.279	0.344	0.627	0.394	-0.517	-0.563	0.170	0.343	-0.093	-0.363	0.276	0.344	0.353	0.562	0.322
1.486	0.514	0.756	0.476	0.582	0.422	0.226	0.222	0.837	0.478	0.278	0.579	0.347	0.688	0.181	0.392	-0.332	0.598	1.139	0.297	0.190	0.631	0.195	0.209	0.475	0.406	0.134	-0.345	-0.455	0.255	0.394	0.350	0.227	0.307	0.183	0.386	0.366	0.253	0.451	0.373	-0.191	-0.386	0.199	0.288	-0.104	-0.337	0.114	0.147	0.303	0.375	0.260
2.143	1.055	1.136	-0.100	0.706	1.224	0.554	0.218	0.884	0.090	0.032	0.173	0.555	0.028	0.408	0.806	-0.957	0.357	0.297	1.451	0.580	0.201	0.274	0.296	0.329	0.489	0.140	-0.596	-0.389	0.503	0.354	0.906	0.225	0.299	0.250	0.370	0.536	0.033	0.103	0.531	-0.671	-0.592	0.234	1.056	-0.332	-0.535	0.645	0.204	0.973	0.135	0.571
1.559	0.389	0.788	0.304	0.616	0.910	0.607	0.267	0.739	0.907	0.247	0.601	0.303	0.294	0.542	0.841	-0.432	0.437	0.190	0.580	1.148	0.118	0.363	0.255	0.281	0.394	0.446	-0.408	-0.268	0.328	0.304	0.669	0.224	0.136	0.411	0.368	0.376	0.318	0.296	0.718	-0.387	-0.382	0.197	0.568	-0.143	-0.442	0.393	0.421	0.510	0.307	0.414
1.403	0.535	0.750	0.682	0.540	0.197	0.152	0.294	0.737	0.417	0.388	0.438	0.307	0.768	0.036	0.376	-0.111	0.420	0.631	0.201	0.118	1.221	0.229	0.148	0.459	0.454	0.226	-0.312	-0.150	0.438	0.394	0.276	0.330	0.310	0.173	0.557	0.325	0.285	0.693	0.314	-0.096	-0.313	0.249	0.014	-0.132	-0.109	-0.154	0.230	0.151	0.595	0.399
1.541	-0.278	0.046	-0.317	0.617	0.340	1.199	1.443	0.232	0.495	0.943	0.475	0.134	0.177	0.580	0.173	-0.476	0.251	0.195	0.274	0.363	0.229	1.317	0.752	0.188	0.014	0.269	-0.002	-0.586	0.302	0.340	0.437	0.831	0.807	0.622	0.655	0.122	0.958	0.347	0.258	-0.282	-0.220	0.837	0.262	-0.563	-0.280	0.358	0.634	0.249	0.404	0.243
0.838	-0.234	-0.024	-0.395	0.459	0.264	1.063	1.071	0.099	0.385	1.009	0.398	-0.003	0.288	0.793	0.183	-0.335	0.151	0.209	0.296	0.255	0.148	0.752	1.117	0.104	0.101	0.415	-0.069	-0.446	0.345	0.241	0.304	0.683	0.594	0.479	0.573	0.020	0.690	0.192	0.258	-0.250	-0.429	0.810	0.360	-0.432	-0.439	0.435	0.666	0.277	0.185	0.195
1.502	0.825	0.726	0.647	0.538	0.956	-0.044	0.230	0.578	0.253	0.084	0.402	0.364	0.449	0.109	0.371	-0.438	0.326	0.475	0.329	0.281	0.459	0.188	0.104	1.097	0.449	0.093	-0.343	-0.413	0.343	0.423	0.226	0.035	0.084	0.090	0.242	0.196	0.046	0.237	0.366	-0.414	-0.163	0.033	0.383	-0.422	-0.063	0.131	0.319	0.394	0.365	0.289
1.409	0.922	1.160	0.788	0.722	0.640	0.134	-0.094	0.601	0.409	0.049	0.224	0.577	0.457	0.243	0.561	-0.248	0.537	0.406	0.489	0.394	0.454	0.014	0.101	0.449	1.065	0.362	-0.465	-0.144	0.475	0.252	0.381	0.001	-0.018	0.211	0.107	0.334	0.007	0.294	0.434	-0.350	-0.431	0.021	0.330	-0.172	-0.331	0.216	0.033	0.360	0.365	0.549
1.302	0.046	0.448	0.235	0.451	0.181	0.787	0.646	0.422	0.847	0.618	0.481	0.410	0.729	0.619	0.609	-0.099	0.301	0.134	0.140	0.446	0.226	0.269	0.415	0.093	0.362	1.127	-0.494	-0.167	0.246	0.388	0.182	0.435	0.215	0.783	0.250	0.362	0.438	0.459	0.420	-0.090	-0.514	0.427	0.089	-0.201	-0.590	0.270	0.411	0.090	0.295	0.581
-1.515	-0.553	-0.609	-0.249	-0.340	-0.680	-0.398	-0.257	-0.600	-0.389	-0.094	-0.500	-0.451	-0.410	-0.482	-0.494	0.450	-0.480	-0.345	-0.596	-0.408	-0.312	-0.002	-0.069	-0.343	-0.465	-0.494	1.059	0.286	-0.192	-0.383	-0.380	-0.260	-0.177	-0.303	-0.182	-0.421	-0.110	-0.307	-0.310	0.444	0.393	-0.182	-0.407	0.202	0.415	-0.433	-0.209	-0.402	-0.146	-0.592
-1.224	-0.346	-0.387	0.129	-0.426	-0.633	-0.689	-0.549	-0.422	-0.081	-0.438	-0.383	-0.130	-0.028	-0.430	-0.347	0.597	-0.238	-0.455	-0.389	-0.268	-0.150	-0.586	-0.446	-0.413	-0.144	-0.167	0.286	1.111	-0.133	-0.488	-0.390	-0.437	-0.377	-0.188	-0.442	-0.357	-0.408	-0.138	-0.322	0.464	0.208	-0.465	-0.539	0.353	0.201	-0.594	-0.280	-0.496	-0.260	-0.372
1.567	0.487	0.968	0.524	0.768	0.454	0.419	0.390	0.420	0.501	0.292	0.262	0.267	0.296	0.269	0.459	-0.519	0.381	0.255	0.503	0.328	0.438	0.302	0.345	0.343	0.475	0.246	-0.192	-0.133	1.096	0.261	0.438	0.204	0.382	0.250	0.379	0.322	0.188	0.336	0.404	-0.354	-0.402	0.227	0.349	-0.165	-0.325	0.175	0.475	0.334	0.376	0.257
1.524	0.334	0.695	0.111	0.547	0.491	0.350	0.582	0.782	0.333	0.308	0.474	0.389	0.522	0.397	0.492	-0.556	0.152	0.394	0.354	0.304	0.394	0.340	0.241	0.423	0.252	0.388	-0.383	-0.488	0.261	1.098	0.296	0.395	0.314	0.442	0.373	0.462	0.263	0.279	0.393	-0.200	-0.509	0.409	0.417	-0.429	-0.326	0.129	0.247	0.420	0.265	0.573
1.914	0.659	0.821	0.070	0.648	0.864	0.774	0.378	0.690	0.403	0.252	0.307	0.489	0.185	0.437	0.528	-0.657	0.480	0.350	0.906	0.669	0.276	0.437	0.304	0.226	0.381	0.182	-0.380	-0.390	0.438	0.296	1.053	0.377	0.354	0.333	0.385	0.406	0.264	0.304	0.415	-0.541	-0.465	0.228	0.634	-0.281	-0.407	0.538	0.224	0.609	0.294	0.385
1.442	-0.327	-0.026	-0.316	0.460	0.123	1.151	1.344	0.204	0.483	0.976	0.485	0.176	0.488	0.663	0.186	-0.262	0.274	0.227	0.225	0.224	0.330	0.831	0.683	0.035	0.001	0.435	-0.260	-0.437	0.204	0.395	0.377	1.109	0.726	0.640	0.471	0.317	0.814	0.489	0.176	-0.144	-0.400	0.876	0.116	-0.542	-0.512	0.283	0.561	0.126	0.400	0.285
1.126	-0.192	-0.028	-0.154	0.339	0.276	0.848	0.986	0.211	0.421	0.689	0.357	0.146	0.319	0.406	0.210	-0.405	0.396	0.307	0.299	0.136	0.310	0.807	0.594	0.084	-0.018	0.215	-0.177	-0.377	0.382	0.314	0.354	0.726	1.058	0.390	0.472	0.216	0.690	0.399	0.206	-0.330	-0.368	0.656	0.149	-0.414	-0.444	0.261	0.531	0.171	0.275	0.101
1.658	-0.069	0.427	0.057	0.583	0.206	0.987	1.063	0.349	0.811	0.689	0.572	0.413	0.640	0.692	0.406	-0.265	0.314	0.183	0.250	0.411	0.173	0.622	0.479	0.090	0.211	0.783	-0.303	-0.188	0.250	0.442	0.333	0.640	0.390	1.022	0.310	0.347	0.555	0.503	0.316	-0.075	-0.524	0.591	0.173	-0.403	-0.534	0.322	0.418	0.163	0.358	0.526
1.140	-0.011	0.316	-0.050	0.392	0.301	0.706	0.702	0.592	0.527	0.665	0.477	-0.113	0.251	0.348	0.369	-0.429	0.073	0.386	0.370	0.368	0.557	0.655	0.573	0.242	0.107	0.250	-0.182	-0.442	0.379	0.373	0.385	0.471	0.472	0.310	1.099	0.139	0.550	0.225	0.364	-0.292	-0.092	0.528	0.412	-0.212	-0.221	0.090	0.534	0.358	0.285	0.196
1.341	0.581	0.791	0.301	0.570	0.400	0.258	0.186	0.640	0.393	0.169	0.368	0.414	0.460	0.184	0.509	-0.403	0.279	0.366	0.536	0.376	0.325	0.122	0.020	0.196	0.334	0.362	-0.421	-0.357	0.322	0.462	0.406	0.317	0.216	0.347	0.139	1.094	0.175	0.505	0.377	-0.040	-0.341	0.205	0.300	-0.009	-0.484	0.308	0.090	0.351	0.338	0.520
1.220	-0.226	0.025	-0.117	0.378	0.099	1.151	1.230	0.162	0.600	1.053	0.504	0.252	0.371	0.566	0.149	-0.176	0.344	0.253	0.033	0.318	0.285	0.958	0.690	0.046	0.007	0.438	-0.110	-0.408	0.188	0.263	0.264	0.814	0.690	0.555	0.550	0.175	1.128	0.683	0.170	-0.071	-0.262	0.780	0.093	-0.237	-0.413	0.259	0.485	0.102	0.584	0.289
1.774	0.436	0.682	0.608	0.492	0.205	0.636	0.677	0.559	0.668	0.622	0.534	0.660	0.835	0.246	0.404	-0.087	0.627	0.451	0.103	0.296	0.693	0.347	0.192	0.237	0.294	0.459	-0.307	-0.138	0.336	0.279	0.304	0.489	0.399	0.503	0.225	0.505	0.683	1.138	0.311	-0.008	-0.385	0.363	0.011	0.038	-0.411	0.079	0.199	0.114	0.803	0.490
1.493	0.499	0.880	0.341	0.570	0.793	0.360	0.147	0.976	0.750	0.200	0.489	0.365	0.489	0.322	1.110	-0.477	0.394	0.373	0.531	0.718	0.314	0.258	0.258	0.366	0.434	0.420	-0.310	-0.322	0.404	0.393	0.415	0.176	0.206	0.316	0.364	0.377	0.170	0.311	1.010	-0.364	-0.537	0.111	0.527	-0.220	-0.491	0.269	0.357	0.523	0.276	0.477
-1.129	-0.713	-0.537	-0.147	-0.466	-0.820	-0.326	-0.171	-0.466	-0.037	-0.005	-0.091	-0.369	0.002	-0.287	-0.455	0.751	-0.517	-0.191	-0.671	-0.387	-0.096	-0.282	-0.250	-0.414	-0.350	-0.090	0.444	0.464	-0.354	-0.200	-0.541	-0.144	-0.330	-0.075	-0.292	-0.040	-0.071	-0.008	-0.364	1.059	0.323	-0.157	-0.638	0.359	0.162	-0.493	-0.462	-0.606	-0.163	-0.186
-1.658	-0.465	-0.803	-0.042	-0.696	-0.547	-0.660	-0.499	-0.681	-0.467	-0.402	-0.402	-0.525	-0.564	-0.611	-0.772	0.418	-0.563	-0.386	-0.592	-0.382	-0.313	-0.220	-0.429	-0.163	-0.431	-0.514	0.393	0.208	-0.402	-0.509	-0.465	-0.400	-0.368	-0.524	-0.092	-0.341	-0.262	-0.385	-0.537	0.323	1.059	-0.348	-0.414	0.351	0.660	-0.341	-0.245	-0.467	-0.333	-0.625
1.116	-0.323	0.060	-0.334	0.479	0.129	1.020	1.273	0.154	0.398	0.957	0.460	0.117	0.407	0.664	0.108	-0.249	0.170	0.199	0.234	0.197	0.249	0.837	0.810	0.033	0.021	0.427	-0.182	-0.465	0.227	0.409	0.228	0.876	0.656	0.591	0.528	0.205	0.780	0.363	0.111	-0.157	-0.348	1.040	0.239	-0.451	-0.423	0.322	0.601	0.211	0.350	0.302
1.473	0.798	0.832	-0.140	0.490	1.092	0.523	0.206	0.821	0.044	0.048	0.239	0.375	-0.094	0.407	0.702	-0.862	0.343	0.288	1.056	0.568	0.014	0.262	0.360	0.383	0.330	0.089	-0.407	-0.539	0.349	0.417	0.634	0.116	0.149	0.173	0.412	0.300	0.093	0.011	0.527	-0.638	-0.414	0.239	1.225	-0.186	-0.336	0.607	0.263	1.035	0.062	0.446
-0.721	-0.153	-0.000	0.065	-0.354	-0.413	-0.365	-0.801	-0.051	-0.109	-0.363	-0.320	-0.182	-0.216	-0.507	-0.169	0.462	-0.093	-0.104	-0.332	-0.143	-0.132	-0.563	-0.432	-0.422	-0.172	-0.201	0.202	0.353	-0.165	-0.429	-0.281	-0.542	-0.414	-0.403	-0.212	-0.009	-0.237	0.038	-0.220	0.359	0.351	-0.451	-0.186	1.028	0.258	-0.219	-0.470	-0.221	-0.089	-0.201
-1.462	-0.137	-0.563	0.063	-0.536	-0.514	-0.840	-0.579	-0.590	-0.677	-0.604	-0.404	-0.426	-0.577	-0.540	-0.672	0.351	-0.363	-0.337	-0.535	-0.442	-0.109	-0.280	-0.439	-0.063	-0.331	-0.590	0.415	0.201	-0.325	-0.326	-0.407	-0.512	-0.444	-0.534	-0.221	-0.484	-0.413	-0.411	-0.491	0.162	0.660	-0.423	-0.336	0.258	1.011	-0.320	-0.255	-0.387	-0.261	-0.537
0.937	0.381	0.271	-0.184	0.278	0.664	0.866	0.370	0.100	0.127	0.289	0.217	0.317	-0.123	0.596	0.290	-0.464	0.276	0.114	0.645	0.393	-0.154	0.358	0.435	0.131	0.216	0.270	-0.433	-0.594	0.175	0.129	0.538	0.283	0.261	0.322	0.090	0.308	0.259	0.079	0.269	-0.493	-0.341	0.322	0.607	-0.219	-0.320	1.035	0.153	0.498	0.060	0.456
1.250	-0.166	0.130	-0.033	0.536	0.360	0.651	0.957	0.317	0.622	0.619	0.460	-0.005	0.418	0.582	0.377	-0.464	0.344	0.147	0.204	0.421	0.230	0.634	0.666	0.319	0.033	0.411	-0.209	-0.280	0.475	0.247	0.224	0.561	0.531	0.418	0.534	0.090	0.485	0.199	0.357	-0.462	-0.245	0.601	0.263	-0.470	-0.255	0.153	1.024	0.210	0.221	0.050
1.411	0.850	0.836	-0.033	0.502	0.956	0.437	0.229	0.833	0.013	0.084	0.185	0.445	-0.006	0.287	0.686	-0.772	0.353	0.303	0.973	0.510	0.151	0.249	0.277	0.394	0.360	0.090	-0.402	-0.496	0.334	0.420	0.609	0.126	0.171	0.163	0.358	0.351	0.102	0.114	0.523	-0.606	-0.467	0.211	1.035	-0.221	-0.387	0.498	0.210	1.020	0.192	0.496
1.915	0.555	0.815	0.630	0.587	0.300	0.585	0.644	0.504	0.488	0.539	0.348	0.600	0.594	0.127	0.422	-0.086	0.562	0.375	0.135	0.307	0.595	0.404	0.185	0.365	0.365	0.295	-0.146	-0.260	0.376	0.265	0.294	0.400	0.275	0.358	0.285	0.338	0.584	0.803	0.276	-0.163	-0.333	0.350	0.062	-0.089	-0.261	0.060	0.221	0.192	0.991	0.427
1.956	0.582	0.994	0.184	0.631	0.657	0.729	0.485	0.708	0.414	0.381	0.443	0.618	0.453	0.492	0.681	-0.384	0.322	0.260	0.571	0.414	0.399	0.243	0.195	0.289	0.549	0.581	-0.592	-0.372	0.257	0.573	0.385	0.285	0.101	0.526	0.196	0.520	0.289	0.490	0.477	-0.186	-0.625	0.302	0.446	-0.201	-0.537	0.456	0.050	0.496	0.427	0.990
